20000903
20000903
20000903
20000903
20000903
20000903
20000903
20000903
20000903
20000903
20000903
20000903
20000903
20000903
20000904
20000910
20000910
20000910
20000910
20000910
20000910
20000910
20000910
20000910
20000910
20000910
20000910
20000910
20000910
20000911
20000917
20000917
20000917
20000917
20000917
20000917
20000917
20000917
20000917
20000917
20000917
20000917
20000917
20000918
20000924
20000924
20000924
20000924
20000924
20000924
20000924
20000924
20000924
20000924
20000924
20000924
20000924
20000925
20001001
20001001
20001001
20001001
20001001
20001001
20001001
20001001
20001001
20001001
20001001
20001001
20001001
20001002
20001008
20001008
20001008
20001008
20001008
20001008
20001008
20001008
20001008
20001008
20001008
20001008
20001008
20001009
20001015
20001015
20001015
20001015
20001015
20001015
20001015
20001015
20001015
20001015
20001015
20001015
20001015
20001016
20001019
20001022
20001022
20001022
20001022
20001022
20001022
20001022
20001022
20001022
20001022
20001022
20001022
20001023
20001029
20001029
20001029
20001029
20001029
20001029
20001029
20001029
20001029
20001029
20001029
20001029
20001029
20001030
20001105
20001105
20001105
20001105
20001105
20001105
20001105
20001105
20001105
20001105
20001105
20001105
20001105
20001105
20001106
20001112
20001112
20001112
20001112
20001112
20001112
20001112
20001112
20001112
20001112
20001112
20001112
20001112
20001112
20001113
20001119
20001119
20001119
20001119
20001119
20001119
20001119
20001119
20001119
20001119
20001119
20001119
20001119
20001119
20001120
20001123
20001123
20001126
20001126
20001126
20001126
20001126
20001126
20001126
20001126
20001126
20001126
20001126
20001126
20001127
20001130
20001203
20001203
20001203
20001203
20001203
20001203
20001203
20001203
20001203
20001203
20001203
20001203
20001203
20001204
20001210
20001210
20001210
20001210
20001210
20001210
20001210
20001210
20001210
20001210
20001210
20001210
20001210
20001210
20001211
20001216
20001216
20001217
20001217
20001217
20001217
20001217
20001217
20001217
20001217
20001217
20001217
20001217
20001217
20001218
20001223
20001223
20001223
20001224
20001224
20001224
20001224
20001224
20001224
20001224
20001224
20001224
20001224
20001224
20001225
20001230
20001230
20001231
20001231
20010106
20010106
20010107
20010107
20010114
20010114
20010128
20010909
20010909
20010909
20010909
20010909
20010909
20010909
20010909
20010909
20010909
20010909
20010909
20010909
20010909
20010910
20010923
20010923
20010923
20010923
20010923
20010923
20010923
20010923
20010923
20010923
20010923
20010923
20010923
20010924
20010930
20010930
20010930
20010930
20010930
20010930
20010930
20010930
20010930
20010930
20010930
20010930
20010930
20011001
20011007
20011007
20011007
20011007
20011007
20011007
20011007
20011007
20011007
20011007
20011007
20011007
20011007
20011007
20011008
20011014
20011014
20011014
20011014
20011014
20011014
20011014
20011014
20011014
20011014
20011014
20011014
20011014
20011015
20011018
20011021
20011021
20011021
20011021
20011021
20011021
20011021
20011021
20011021
20011021
20011021
20011022
20011025
20011028
20011028
20011028
20011028
20011028
20011028
20011028
20011028
20011028
20011028
20011028
20011028
20011029
20011104
20011104
20011104
20011104
20011104
20011104
20011104
20011104
20011104
20011104
20011104
20011104
20011104
20011105
20011111
20011111
20011111
20011111
20011111
20011111
20011111
20011111
20011111
20011111
20011111
20011111
20011111
20011111
20011112
20011118
20011118
20011118
20011118
20011118
20011118
20011118
20011118
20011118
20011118
20011118
20011118
20011118
20011118
20011119
20011122
20011122
20011125
20011125
20011125
20011125
20011125
20011125
20011125
20011125
20011125
20011125
20011125
20011125
20011126
20011129
20011202
20011202
20011202
20011202
20011202
20011202
20011202
20011202
20011202
20011202
20011202
20011202
20011202
20011203
20011209
20011209
20011209
20011209
20011209
20011209
20011209
20011209
20011209
20011209
20011209
20011209
20011209
20011209
20011210
20011215
20011215
20011216
20011216
20011216
20011216
20011216
20011216
20011216
20011216
20011216
20011216
20011216
20011216
20011217
20011222
20011222
20011222
20011223
20011223
20011223
20011223
20011223
20011223
20011223
20011223
20011223
20011223
20011223
20011223
20011229
20011230
20011230
20011230
20011230
20011230
20011230
20011230
20011230
20011230
20011230
20011230
20011230
20011230
20011230
20020106
20020106
20020106
20020106
20020106
20020106
20020106
20020106
20020106
20020106
20020106
20020106
20020106
20020106
20020107
20020112
20020112
20020113
20020113
20020119
20020119
20020120
20020120
20020127
20020127
20020203
20020905
20020908
20020908
20020908
20020908
20020908
20020908
20020908
20020908
20020908
20020908
20020908
20020908
20020908
20020908
20020909
20020915
20020915
20020915
20020915
20020915
20020915
20020915
20020915
20020915
20020915
20020915
20020915
20020915
20020915
20020915
20020916
20020922
20020922
20020922
20020922
20020922
20020922
20020922
20020922
20020922
20020922
20020922
20020922
20020922
20020923
20020929
20020929
20020929
20020929
20020929
20020929
20020929
20020929
20020929
20020929
20020929
20020929
20020929
20020930
20021006
20021006
20021006
20021006
20021006
20021006
20021006
20021006
20021006
20021006
20021006
20021006
20021006
20021007
20021013
20021013
20021013
20021013
20021013
20021013
20021013
20021013
20021013
20021013
20021013
20021013
20021013
20021014
20021020
20021020
20021020
20021020
20021020
20021020
20021020
20021020
20021020
20021020
20021020
20021020
20021020
20021021
20021027
20021027
20021027
20021027
20021027
20021027
20021027
20021027
20021027
20021027
20021027
20021027
20021027
20021028
20021103
20021103
20021103
20021103
20021103
20021103
20021103
20021103
20021103
20021103
20021103
20021103
20021103
20021104
20021110
20021110
20021110
20021110
20021110
20021110
20021110
20021110
20021110
20021110
20021110
20021110
20021110
20021111
20021117
20021117
20021117
20021117
20021117
20021117
20021117
20021117
20021117
20021117
20021117
20021117
20021117
20021117
20021117
20021118
20021124
20021124
20021124
20021124
20021124
20021124
20021124
20021124
20021124
20021124
20021124
20021124
20021124
20021124
20021124
20021125
20021128
20021128
20021201
20021201
20021201
20021201
20021201
20021201
20021201
20021201
20021201
20021201
20021201
20021201
20021201
20021202
20021208
20021208
20021208
20021208
20021208
20021208
20021208
20021208
20021208
20021208
20021208
20021208
20021208
20021208
20021208
20021209
20021215
20021215
20021215
20021215
20021215
20021215
20021215
20021215
20021215
20021215
20021215
20021215
20021215
20021215
20021215
20021216
20021221
20021221
20021221
20021222
20021222
20021222
20021222
20021222
20021222
20021222
20021222
20021222
20021222
20021222
20021222
20021223
20021228
20021228
20021229
20021229
20021229
20021229
20021229
20021229
20021229
20021229
20021229
20021229
20021229
20021229
20021229
20021230
20030104
20030104
20030105
20030105
20030111
20030111
20030112
20030112
20030119
20030119
20030126
20030904
20030907
20030907
20030907
20030907
20030907
20030907
20030907
20030907
20030907
20030907
20030907
20030907
20030907
20030907
20030908
20030914
20030914
20030914
20030914
20030914
20030914
20030914
20030914
20030914
20030914
20030914
20030914
20030914
20030914
20030914
20030915
20030921
20030921
20030921
20030921
20030921
20030921
20030921
20030921
20030921
20030921
20030921
20030921
20030921
20030922
20030928
20030928
20030928
20030928
20030928
20030928
20030928
20030928
20030928
20030928
20030928
20030928
20030928
20030929
20031005
20031005
20031005
20031005
20031005
20031005
20031005
20031005
20031005
20031005
20031005
20031005
20031005
20031006
20031012
20031012
20031012
20031012
20031012
20031012
20031012
20031012
20031012
20031012
20031012
20031012
20031012
20031013
20031019
20031019
20031019
20031019
20031019
20031019
20031019
20031019
20031019
20031019
20031019
20031019
20031019
20031020
20031026
20031026
20031026
20031026
20031026
20031026
20031026
20031026
20031026
20031026
20031026
20031026
20031026
20031027
20031102
20031102
20031102
20031102
20031102
20031102
20031102
20031102
20031102
20031102
20031102
20031102
20031102
20031103
20031109
20031109
20031109
20031109
20031109
20031109
20031109
20031109
20031109
20031109
20031109
20031109
20031109
20031110
20031116
20031116
20031116
20031116
20031116
20031116
20031116
20031116
20031116
20031116
20031116
20031116
20031116
20031116
20031116
20031117
20031123
20031123
20031123
20031123
20031123
20031123
20031123
20031123
20031123
20031123
20031123
20031123
20031123
20031123
20031123
20031124
20031127
20031127
20031130
20031130
20031130
20031130
20031130
20031130
20031130
20031130
20031130
20031130
20031130
20031130
20031130
20031201
20031207
20031207
20031207
20031207
20031207
20031207
20031207
20031207
20031207
20031207
20031207
20031207
20031207
20031207
20031207
20031208
20031214
20031214
20031214
20031214
20031214
20031214
20031214
20031214
20031214
20031214
20031214
20031214
20031214
20031214
20031214
20031215
20031220
20031220
20031220
20031221
20031221
20031221
20031221
20031221
20031221
20031221
20031221
20031221
20031221
20031221
20031221
20031222
20031227
20031227
20031227
20031228
20031228
20031228
20031228
20031228
20031228
20031228
20031228
20031228
20031228
20031228
20031228
20031228
20040103
20040103
20040104
20040104
20040110
20040110
20040111
20040111
20040118
20040118
20040201
20040909
20040911
20040912
20040912
20040912
20040912
20040912
20040912
20040912
20040912
20040912
20040912
20040912
20040912
20040912
20040913
20040919
20040919
20040919
20040919
20040919
20040919
20040919
20040919
20040919
20040919
20040919
20040919
20040919
20040919
20040919
20040920
20040926
20040926
20040926
20040926
20040926
20040926
20040926
20040926
20040926
20040926
20040926
20040926
20040926
20040927
20041003
20041003
20041003
20041003
20041003
20041003
20041003
20041003
20041003
20041003
20041003
20041003
20041003
20041004
20041010
20041010
20041010
20041010
20041010
20041010
20041010
20041010
20041010
20041010
20041010
20041010
20041010
20041011
20041017
20041017
20041017
20041017
20041017
20041017
20041017
20041017
20041017
20041017
20041017
20041017
20041017
20041018
20041024
20041024
20041024
20041024
20041024
20041024
20041024
20041024
20041024
20041024
20041024
20041024
20041024
20041025
20041031
20041031
20041031
20041031
20041031
20041031
20041031
20041031
20041031
20041031
20041031
20041031
20041031
20041101
20041107
20041107
20041107
20041107
20041107
20041107
20041107
20041107
20041107
20041107
20041107
20041107
20041107
20041108
20041114
20041114
20041114
20041114
20041114
20041114
20041114
20041114
20041114
20041114
20041114
20041114
20041114
20041115
20041121
20041121
20041121
20041121
20041121
20041121
20041121
20041121
20041121
20041121
20041121
20041121
20041121
20041121
20041121
20041122
20041125
20041125
20041128
20041128
20041128
20041128
20041128
20041128
20041128
20041128
20041128
20041128
20041128
20041128
20041128
20041129
20041205
20041205
20041205
20041205
20041205
20041205
20041205
20041205
20041205
20041205
20041205
20041205
20041205
20041205
20041205
20041206
20041212
20041212
20041212
20041212
20041212
20041212
20041212
20041212
20041212
20041212
20041212
20041212
20041212
20041212
20041212
20041213
20041218
20041218
20041218
20041219
20041219
20041219
20041219
20041219
20041219
20041219
20041219
20041219
20041219
20041219
20041219
20041220
20041224
20041225
20041225
20041226
20041226
20041226
20041226
20041226
20041226
20041226
20041226
20041226
20041226
20041226
20041226
20041227
20050102
20050102
20050102
20050102
20050102
20050102
20050102
20050102
20050102
20050102
20050102
20050102
20050102
20050102
20050102
20050102
20050108
20050108
20050109
20050109
20050115
20050115
20050116
20050116
20050123
20050123
20050206
20050908
20050911
20050911
20050911
20050911
20050911
20050911
20050911
20050911
20050911
20050911
20050911
20050911
20050911
20050911
20050912
20050918
20050918
20050918
20050918
20050918
20050918
20050918
20050918
20050918
20050918
20050918
20050918
20050918
20050918
20050919
20050919
20050925
20050925
20050925
20050925
20050925
20050925
20050925
20050925
20050925
20050925
20050925
20050925
20050925
20050926
20051002
20051002
20051002
20051002
20051002
20051002
20051002
20051002
20051002
20051002
20051002
20051002
20051002
20051003
20051009
20051009
20051009
20051009
20051009
20051009
20051009
20051009
20051009
20051009
20051009
20051009
20051009
20051010
20051016
20051016
20051016
20051016
20051016
20051016
20051016
20051016
20051016
20051016
20051016
20051016
20051016
20051017
20051021
20051023
20051023
20051023
20051023
20051023
20051023
20051023
20051023
20051023
20051023
20051023
20051023
20051024
20051030
20051030
20051030
20051030
20051030
20051030
20051030
20051030
20051030
20051030
20051030
20051030
20051030
20051031
20051106
20051106
20051106
20051106
20051106
20051106
20051106
20051106
20051106
20051106
20051106
20051106
20051106
20051107
20051113
20051113
20051113
20051113
20051113
20051113
20051113
20051113
20051113
20051113
20051113
20051113
20051113
20051114
20051120
20051120
20051120
20051120
20051120
20051120
20051120
20051120
20051120
20051120
20051120
20051120
20051120
20051120
20051120
20051121
20051124
20051124
20051127
20051127
20051127
20051127
20051127
20051127
20051127
20051127
20051127
20051127
20051127
20051127
20051127
20051128
20051204
20051204
20051204
20051204
20051204
20051204
20051204
20051204
20051204
20051204
20051204
20051204
20051204
20051204
20051204
20051205
20051211
20051211
20051211
20051211
20051211
20051211
20051211
20051211
20051211
20051211
20051211
20051211
20051211
20051211
20051211
20051212
20051217
20051217
20051217
20051218
20051218
20051218
20051218
20051218
20051218
20051218
20051218
20051218
20051218
20051218
20051218
20051219
20051224
20051224
20051224
20051224
20051224
20051224
20051224
20051224
20051224
20051224
20051224
20051224
20051224
20051225
20051225
20051226
20051231
20051231
20060101
20060101
20060101
20060101
20060101
20060101
20060101
20060101
20060101
20060101
20060101
20060101
20060101
20060101
20060107
20060107
20060108
20060108
20060114
20060114
20060115
20060115
20060122
20060122
20060205
20060907
20060910
20060910
20060910
20060910
20060910
20060910
20060910
20060910
20060910
20060910
20060910
20060910
20060910
20060911
20060911
20060917
20060917
20060917
20060917
20060917
20060917
20060917
20060917
20060917
20060917
20060917
20060917
20060917
20060917
20060917
20060918
20060924
20060924
20060924
20060924
20060924
20060924
20060924
20060924
20060924
20060924
20060924
20060924
20060924
20060925
20061001
20061001
20061001
20061001
20061001
20061001
20061001
20061001
20061001
20061001
20061001
20061001
20061001
20061002
20061008
20061008
20061008
20061008
20061008
20061008
20061008
20061008
20061008
20061008
20061008
20061008
20061008
20061009
20061015
20061015
20061015
20061015
20061015
20061015
20061015
20061015
20061015
20061015
20061015
20061015
20061016
20061022
20061022
20061022
20061022
20061022
20061022
20061022
20061022
20061022
20061022
20061022
20061022
20061023
20061029
20061029
20061029
20061029
20061029
20061029
20061029
20061029
20061029
20061029
20061029
20061029
20061029
20061030
20061105
20061105
20061105
20061105
20061105
20061105
20061105
20061105
20061105
20061105
20061105
20061105
20061105
20061106
20061112
20061112
20061112
20061112
20061112
20061112
20061112
20061112
20061112
20061112
20061112
20061112
20061112
20061112
20061112
20061113
20061119
20061119
20061119
20061119
20061119
20061119
20061119
20061119
20061119
20061119
20061119
20061119
20061119
20061119
20061119
20061120
20061123
20061123
20061123
20061126
20061126
20061126
20061126
20061126
20061126
20061126
20061126
20061126
20061126
20061126
20061126
20061127
20061130
20061203
20061203
20061203
20061203
20061203
20061203
20061203
20061203
20061203
20061203
20061203
20061203
20061203
20061203
20061204
20061207
20061210
20061210
20061210
20061210
20061210
20061210
20061210
20061210
20061210
20061210
20061210
20061210
20061210
20061210
20061211
20061214
20061216
20061217
20061217
20061217
20061217
20061217
20061217
20061217
20061217
20061217
20061217
20061217
20061217
20061217
20061218
20061221
20061223
20061224
20061224
20061224
20061224
20061224
20061224
20061224
20061224
20061224
20061224
20061224
20061224
20061225
20061225
20061230
20061231
20061231
20061231
20061231
20061231
20061231
20061231
20061231
20061231
20061231
20061231
20061231
20061231
20061231
20061231
20070106
20070106
20070107
20070107
20070113
20070113
20070114
20070114
20070121
20070121
20070204
20070906
20070909
20070909
20070909
20070909
20070909
20070909
20070909
20070909
20070909
20070909
20070909
20070909
20070909
20070910
20070910
20070916
20070916
20070916
20070916
20070916
20070916
20070916
20070916
20070916
20070916
20070916
20070916
20070916
20070916
20070916
20070917
20070923
20070923
20070923
20070923
20070923
20070923
20070923
20070923
20070923
20070923
20070923
20070923
20070923
20070923
20070923
20070924
20070930
20070930
20070930
20070930
20070930
20070930
20070930
20070930
20070930
20070930
20070930
20070930
20070930
20071001
20071007
20071007
20071007
20071007
20071007
20071007
20071007
20071007
20071007
20071007
20071007
20071007
20071007
20071008
20071014
20071014
20071014
20071014
20071014
20071014
20071014
20071014
20071014
20071014
20071014
20071014
20071015
20071021
20071021
20071021
20071021
20071021
20071021
20071021
20071021
20071021
20071021
20071021
20071021
20071021
20071022
20071028
20071028
20071028
20071028
20071028
20071028
20071028
20071028
20071028
20071028
20071028
20071028
20071029
20071104
20071104
20071104
20071104
20071104
20071104
20071104
20071104
20071104
20071104
20071104
20071104
20071104
20071105
20071111
20071111
20071111
20071111
20071111
20071111
20071111
20071111
20071111
20071111
20071111
20071111
20071111
20071112
20071118
20071118
20071118
20071118
20071118
20071118
20071118
20071118
20071118
20071118
20071118
20071118
20071118
20071118
20071118
20071119
20071122
20071122
20071122
20071125
20071125
20071125
20071125
20071125
20071125
20071125
20071125
20071125
20071125
20071125
20071125
20071126
20071129
20071202
20071202
20071202
20071202
20071202
20071202
20071202
20071202
20071202
20071202
20071202
20071202
20071202
20071202
20071203
20071206
20071209
20071209
20071209
20071209
20071209
20071209
20071209
20071209
20071209
20071209
20071209
20071209
20071209
20071209
20071210
20071213
20071215
20071216
20071216
20071216
20071216
20071216
20071216
20071216
20071216
20071216
20071216
20071216
20071216
20071216
20071217
20071220
20071222
20071223
20071223
20071223
20071223
20071223
20071223
20071223
20071223
20071223
20071223
20071223
20071223
20071223
20071224
20071229
20071230
20071230
20071230
20071230
20071230
20071230
20071230
20071230
20071230
20071230
20071230
20071230
20071230
20071230
20071230
20080105
20080105
20080106
20080106
20080112
20080112
20080113
20080113
20080120
20080120
20080203
20080904
20080907
20080907
20080907
20080907
20080907
20080907
20080907
20080907
20080907
20080907
20080907
20080907
20080907
20080908
20080908
20080914
20080914
20080914
20080914
20080914
20080914
20080914
20080914
20080914
20080914
20080914
20080914
20080914
20080914
20080915
20080921
20080921
20080921
20080921
20080921
20080921
20080921
20080921
20080921
20080921
20080921
20080921
20080921
20080921
20080921
20080922
20080928
20080928
20080928
20080928
20080928
20080928
20080928
20080928
20080928
20080928
20080928
20080928
20080929
20081005
20081005
20081005
20081005
20081005
20081005
20081005
20081005
20081005
20081005
20081005
20081005
20081005
20081006
20081012
20081012
20081012
20081012
20081012
20081012
20081012
20081012
20081012
20081012
20081012
20081012
20081012
20081013
20081019
20081019
20081019
20081019
20081019
20081019
20081019
20081019
20081019
20081019
20081019
20081019
20081019
20081020
20081026
20081026
20081026
20081026
20081026
20081026
20081026
20081026
20081026
20081026
20081026
20081026
20081026
20081027
20081102
20081102
20081102
20081102
20081102
20081102
20081102
20081102
20081102
20081102
20081102
20081102
20081102
20081103
20081106
20081109
20081109
20081109
20081109
20081109
20081109
20081109
20081109
20081109
20081109
20081109
20081109
20081110
20081113
20081116
20081116
20081116
20081116
20081116
20081116
20081116
20081116
20081116
20081116
20081116
20081116
20081116
20081116
20081117
20081120
20081123
20081123
20081123
20081123
20081123
20081123
20081123
20081123
20081123
20081123
20081123
20081123
20081123
20081123
20081124
20081127
20081127
20081127
20081130
20081130
20081130
20081130
20081130
20081130
20081130
20081130
20081130
20081130
20081130
20081130
20081201
20081204
20081207
20081207
20081207
20081207
20081207
20081207
20081207
20081207
20081207
20081207
20081207
20081207
20081207
20081207
20081208
20081211
20081214
20081214
20081214
20081214
20081214
20081214
20081214
20081214
20081214
20081214
20081214
20081214
20081214
20081214
20081215
20081218
20081220
20081221
20081221
20081221
20081221
20081221
20081221
20081221
20081221
20081221
20081221
20081221
20081221
20081221
20081222
20081228
20081228
20081228
20081228
20081228
20081228
20081228
20081228
20081228
20081228
20081228
20081228
20081228
20081228
20081228
20081228
20090103
20090103
20090104
20090104
20090110
20090110
20090111
20090111
20090118
20090118
20090201
20090910
20090913
20090913
20090913
20090913
20090913
20090913
20090913
20090913
20090913
20090913
20090913
20090913
20090913
20090914
20090914
20090920
20090920
20090920
20090920
20090920
20090920
20090920
20090920
20090920
20090920
20090920
20090920
20090920
20090920
20090920
20090921
20090927
20090927
20090927
20090927
20090927
20090927
20090927
20090927
20090927
20090927
20090927
20090927
20090927
20090927
20090927
20090928
20091004
20091004
20091004
20091004
20091004
20091004
20091004
20091004
20091004
20091004
20091004
20091004
20091004
20091005
20091011
20091011
20091011
20091011
20091011
20091011
20091011
20091011
20091011
20091011
20091011
20091011
20091011
20091012
20091018
20091018
20091018
20091018
20091018
20091018
20091018
20091018
20091018
20091018
20091018
20091018
20091018
20091019
20091025
20091025
20091025
20091025
20091025
20091025
20091025
20091025
20091025
20091025
20091025
20091025
20091026
20091101
20091101
20091101
20091101
20091101
20091101
20091101
20091101
20091101
20091101
20091101
20091101
20091102
20091108
20091108
20091108
20091108
20091108
20091108
20091108
20091108
20091108
20091108
20091108
20091108
20091109
20091112
20091115
20091115
20091115
20091115
20091115
20091115
20091115
20091115
20091115
20091115
20091115
20091115
20091115
20091116
20091119
20091122
20091122
20091122
20091122
20091122
20091122
20091122
20091122
20091122
20091122
20091122
20091122
20091122
20091122
20091123
20091126
20091126
20091126
20091129
20091129
20091129
20091129
20091129
20091129
20091129
20091129
20091129
20091129
20091129
20091129
20091130
20091203
20091206
20091206
20091206
20091206
20091206
20091206
20091206
20091206
20091206
20091206
20091206
20091206
20091206
20091206
20091207
20091210
20091213
20091213
20091213
20091213
20091213
20091213
20091213
20091213
20091213
20091213
20091213
20091213
20091213
20091213
20091214
20091217
20091219
20091220
20091220
20091220
20091220
20091220
20091220
20091220
20091220
20091220
20091220
20091220
20091220
20091220
20091221
20091225
20091227
20091227
20091227
20091227
20091227
20091227
20091227
20091227
20091227
20091227
20091227
20091227
20091227
20091227
20091228
20100103
20100103
20100103
20100103
20100103
20100103
20100103
20100103
20100103
20100103
20100103
20100103
20100103
20100103
20100103
20100103
20100109
20100109
20100110
20100110
20100116
20100116
20100117
20100117
20100124
20100124
20100207
20100909
20100912
20100912
20100912
20100912
20100912
20100912
20100912
20100912
20100912
20100912
20100912
20100912
20100912
20100913
20100913
20100919
20100919
20100919
20100919
20100919
20100919
20100919
20100919
20100919
20100919
20100919
20100919
20100919
20100919
20100919
20100920
20100926
20100926
20100926
20100926
20100926
20100926
20100926
20100926
20100926
20100926
20100926
20100926
20100926
20100926
20100926
20100927
20101003
20101003
20101003
20101003
20101003
20101003
20101003
20101003
20101003
20101003
20101003
20101003
20101003
20101004
20101010
20101010
20101010
20101010
20101010
20101010
20101010
20101010
20101010
20101010
20101010
20101010
20101010
20101011
20101017
20101017
20101017
20101017
20101017
20101017
20101017
20101017
20101017
20101017
20101017
20101017
20101017
20101018
20101024
20101024
20101024
20101024
20101024
20101024
20101024
20101024
20101024
20101024
20101024
20101024
20101024
20101025
20101031
20101031
20101031
20101031
20101031
20101031
20101031
20101031
20101031
20101031
20101031
20101031
20101101
20101107
20101107
20101107
20101107
20101107
20101107
20101107
20101107
20101107
20101107
20101107
20101107
20101108
20101111
20101114
20101114
20101114
20101114
20101114
20101114
20101114
20101114
20101114
20101114
20101114
20101114
20101115
20101118
20101121
20101121
20101121
20101121
20101121
20101121
20101121
20101121
20101121
20101121
20101121
20101121
20101121
20101121
20101122
20101125
20101125
20101125
20101128
20101128
20101128
20101128
20101128
20101128
20101128
20101128
20101128
20101128
20101128
20101128
20101129
20101202
20101205
20101205
20101205
20101205
20101205
20101205
20101205
20101205
20101205
20101205
20101205
20101205
20101205
20101205
20101206
20101209
20101212
20101212
20101212
20101212
20101212
20101212
20101212
20101212
20101212
20101212
20101212
20101212
20101212
20101213
20101213
20101216
20101219
20101219
20101219
20101219
20101219
20101219
20101219
20101219
20101219
20101219
20101219
20101219
20101219
20101219
20101220
20101223
20101225
20101226
20101226
20101226
20101226
20101226
20101226
20101226
20101226
20101226
20101226
20101226
20101226
20101227
20101228
20110102
20110102
20110102
20110102
20110102
20110102
20110102
20110102
20110102
20110102
20110102
20110102
20110102
20110102
20110102
20110102
20110108
20110108
20110109
20110109
20110115
20110115
20110116
20110116
20110123
20110123
20110206
20110908
20110911
20110911
20110911
20110911
20110911
20110911
20110911
20110911
20110911
20110911
20110911
20110911
20110911
20110912
20110912
20110918
20110918
20110918
20110918
20110918
20110918
20110918
20110918
20110918
20110918
20110918
20110918
20110918
20110918
20110918
20110919
20110925
20110925
20110925
20110925
20110925
20110925
20110925
20110925
20110925
20110925
20110925
20110925
20110925
20110925
20110925
20110926
20111002
20111002
20111002
20111002
20111002
20111002
20111002
20111002
20111002
20111002
20111002
20111002
20111002
20111002
20111002
20111003
20111009
20111009
20111009
20111009
20111009
20111009
20111009
20111009
20111009
20111009
20111009
20111009
20111010
20111016
20111016
20111016
20111016
20111016
20111016
20111016
20111016
20111016
20111016
20111016
20111016
20111017
20111023
20111023
20111023
20111023
20111023
20111023
20111023
20111023
20111023
20111023
20111023
20111023
20111024
20111030
20111030
20111030
20111030
20111030
20111030
20111030
20111030
20111030
20111030
20111030
20111030
20111031
20111106
20111106
20111106
20111106
20111106
20111106
20111106
20111106
20111106
20111106
20111106
20111106
20111106
20111107
20111110
20111113
20111113
20111113
20111113
20111113
20111113
20111113
20111113
20111113
20111113
20111113
20111113
20111113
20111113
20111114
20111117
20111120
20111120
20111120
20111120
20111120
20111120
20111120
20111120
20111120
20111120
20111120
20111120
20111121
20111124
20111124
20111124
20111127
20111127
20111127
20111127
20111127
20111127
20111127
20111127
20111127
20111127
20111127
20111127
20111128
20111201
20111204
20111204
20111204
20111204
20111204
20111204
20111204
20111204
20111204
20111204
20111204
20111204
20111204
20111204
20111205
20111208
20111211
20111211
20111211
20111211
20111211
20111211
20111211
20111211
20111211
20111211
20111211
20111211
20111211
20111211
20111212
20111215
20111217
20111218
20111218
20111218
20111218
20111218
20111218
20111218
20111218
20111218
20111218
20111218
20111218
20111218
20111219
20111222
20111224
20111224
20111224
20111224
20111224
20111224
20111224
20111224
20111224
20111224
20111224
20111224
20111224
20111225
20111226
20120101
20120101
20120101
20120101
20120101
20120101
20120101
20120101
20120101
20120101
20120101
20120101
20120101
20120101
20120101
20120101
20120107
20120107
20120108
20120108
20120114
20120114
20120115
20120115
20120122
20120122
20120205
20120905
20120909
20120909
20120909
20120909
20120909
20120909
20120909
20120909
20120909
20120909
20120909
20120909
20120909
20120910
20120910
20120913
20120916
20120916
20120916
20120916
20120916
20120916
20120916
20120916
20120916
20120916
20120916
20120916
20120916
20120916
20120917
20120920
20120923
20120923
20120923
20120923
20120923
20120923
20120923
20120923
20120923
20120923
20120923
20120923
20120923
20120923
20120924
20120927
20120930
20120930
20120930
20120930
20120930
20120930
20120930
20120930
20120930
20120930
20120930
20120930
20120930
20121001
20121004
20121007
20121007
20121007
20121007
20121007
20121007
20121007
20121007
20121007
20121007
20121007
20121007
20121008
20121011
20121014
20121014
20121014
20121014
20121014
20121014
20121014
20121014
20121014
20121014
20121014
20121014
20121015
20121018
20121021
20121021
20121021
20121021
20121021
20121021
20121021
20121021
20121021
20121021
20121021
20121022
20121025
20121028
20121028
20121028
20121028
20121028
20121028
20121028
20121028
20121028
20121028
20121028
20121028
20121029
20121101
20121104
20121104
20121104
20121104
20121104
20121104
20121104
20121104
20121104
20121104
20121104
20121104
20121105
20121108
20121111
20121111
20121111
20121111
20121111
20121111
20121111
20121111
20121111
20121111
20121111
20121111
20121112
20121115
20121118
20121118
20121118
20121118
20121118
20121118
20121118
20121118
20121118
20121118
20121118
20121118
20121119
20121122
20121122
20121122
20121125
20121125
20121125
20121125
20121125
20121125
20121125
20121125
20121125
20121125
20121125
20121125
20121126
20121129
20121202
20121202
20121202
20121202
20121202
20121202
20121202
20121202
20121202
20121202
20121202
20121202
20121202
20121202
20121203
20121206
20121209
20121209
20121209
20121209
20121209
20121209
20121209
20121209
20121209
20121209
20121209
20121209
20121209
20121209
20121210
20121213
20121216
20121216
20121216
20121216
20121216
20121216
20121216
20121216
20121216
20121216
20121216
20121216
20121216
20121216
20121217
20121222
20121223
20121223
20121223
20121223
20121223
20121223
20121223
20121223
20121223
20121223
20121223
20121223
20121223
20121223
20121223
20121230
20121230
20121230
20121230
20121230
20121230
20121230
20121230
20121230
20121230
20121230
20121230
20121230
20121230
20121230
20121230
20130105
20130105
20130106
20130106
20130112
20130112
20130113
20130113
20130120
20130120
20130203
20130905
20130908
20130908
20130908
20130908
20130908
20130908
20130908
20130908
20130908
20130908
20130908
20130908
20130908
20130909
20130909
20130912
20130915
20130915
20130915
20130915
20130915
20130915
20130915
20130915
20130915
20130915
20130915
20130915
20130915
20130915
20130916
20130919
20130922
20130922
20130922
20130922
20130922
20130922
20130922
20130922
20130922
20130922
20130922
20130922
20130922
20130922
20130923
20130926
20130929
20130929
20130929
20130929
20130929
20130929
20130929
20130929
20130929
20130929
20130929
20130929
20130929
20130930
20131003
20131006
20131006
20131006
20131006
20131006
20131006
20131006
20131006
20131006
20131006
20131006
20131006
20131007
20131010
20131013
20131013
20131013
20131013
20131013
20131013
20131013
20131013
20131013
20131013
20131013
20131013
20131013
20131014
20131017
20131020
20131020
20131020
20131020
20131020
20131020
20131020
20131020
20131020
20131020
20131020
20131020
20131020
20131021
20131024
20131027
20131027
20131027
20131027
20131027
20131027
20131027
20131027
20131027
20131027
20131027
20131028
20131031
20131103
20131103
20131103
20131103
20131103
20131103
20131103
20131103
20131103
20131103
20131103
20131104
20131107
20131110
20131110
20131110
20131110
20131110
20131110
20131110
20131110
20131110
20131110
20131110
20131110
20131111
20131114
20131117
20131117
20131117
20131117
20131117
20131117
20131117
20131117
20131117
20131117
20131117
20131117
20131117
20131118
20131121
20131124
20131124
20131124
20131124
20131124
20131124
20131124
20131124
20131124
20131124
20131124
20131124
20131125
20131128
20131128
20131128
20131201
20131201
20131201
20131201
20131201
20131201
20131201
20131201
20131201
20131201
20131201
20131201
20131202
20131205
20131208
20131208
20131208
20131208
20131208
20131208
20131208
20131208
20131208
20131208
20131208
20131208
20131208
20131208
20131209
20131212
20131215
20131215
20131215
20131215
20131215
20131215
20131215
20131215
20131215
20131215
20131215
20131215
20131215
20131215
20131216
20131222
20131222
20131222
20131222
20131222
20131222
20131222
20131222
20131222
20131222
20131222
20131222
20131222
20131222
20131222
20131223
20131229
20131229
20131229
20131229
20131229
20131229
20131229
20131229
20131229
20131229
20131229
20131229
20131229
20131229
20131229
20131229
20140104
20140104
20140105
20140105
20140111
20140111
20140112
20140112
20140119
20140119
20140202
20140904
20140907
20140907
20140907
20140907
20140907
20140907
20140907
20140907
20140907
20140907
20140907
20140907
20140907
20140908
20140908
20140911
20140914
20140914
20140914
20140914
20140914
20140914
20140914
20140914
20140914
20140914
20140914
20140914
20140914
20140914
20140915
20140918
20140921
20140921
20140921
20140921
20140921
20140921
20140921
20140921
20140921
20140921
20140921
20140921
20140921
20140921
20140922
20140925
20140928
20140928
20140928
20140928
20140928
20140928
20140928
20140928
20140928
20140928
20140928
20140929
20141002
20141005
20141005
20141005
20141005
20141005
20141005
20141005
20141005
20141005
20141005
20141005
20141005
20141005
20141006
20141009
20141012
20141012
20141012
20141012
20141012
20141012
20141012
20141012
20141012
20141012
20141012
20141012
20141012
20141013
20141016
20141019
20141019
20141019
20141019
20141019
20141019
20141019
20141019
20141019
20141019
20141019
20141019
20141019
20141020
20141023
20141026
20141026
20141026
20141026
20141026
20141026
20141026
20141026
20141026
20141026
20141026
20141026
20141026
20141027
20141030
20141102
20141102
20141102
20141102
20141102
20141102
20141102
20141102
20141102
20141102
20141102
20141103
20141106
20141109
20141109
20141109
20141109
20141109
20141109
20141109
20141109
20141109
20141109
20141109
20141110
20141113
20141116
20141116
20141116
20141116
20141116
20141116
20141116
20141116
20141116
20141116
20141116
20141116
20141117
20141120
20141123
20141123
20141123
20141123
20141123
20141123
20141123
20141123
20141123
20141123
20141123
20141123
20141124
20141124
20141127
20141127
20141127
20141130
20141130
20141130
20141130
20141130
20141130
20141130
20141130
20141130
20141130
20141130
20141130
20141201
20141204
20141207
20141207
20141207
20141207
20141207
20141207
20141207
20141207
20141207
20141207
20141207
20141207
20141207
20141207
20141208
20141211
20141214
20141214
20141214
20141214
20141214
20141214
20141214
20141214
20141214
20141214
20141214
20141214
20141214
20141214
20141215
20141218
20141220
20141220
20141221
20141221
20141221
20141221
20141221
20141221
20141221
20141221
20141221
20141221
20141221
20141221
20141222
20141228
20141228
20141228
20141228
20141228
20141228
20141228
20141228
20141228
20141228
20141228
20141228
20141228
20141228
20141228
20141228
20150103
20150103
20150104
20150104
20150110
20150110
20150111
20150111
20150118
20150118
20150201
20150910
20150913
20150913
20150913
20150913
20150913
20150913
20150913
20150913
20150913
20150913
20150913
20150913
20150913
20150914
20150914
20150917
20150920
20150920
20150920
20150920
20150920
20150920
20150920
20150920
20150920
20150920
20150920
20150920
20150920
20150920
20150921
20150924
20150927
20150927
20150927
20150927
20150927
20150927
20150927
20150927
20150927
20150927
20150927
20150927
20150927
20150927
20150928
20151001
20151004
20151004
20151004
20151004
20151004
20151004
20151004
20151004
20151004
20151004
20151004
20151004
20151004
20151005
20151008
20151011
20151011
20151011
20151011
20151011
20151011
20151011
20151011
20151011
20151011
20151011
20151011
20151012
20151015
20151018
20151018
20151018
20151018
20151018
20151018
20151018
20151018
20151018
20151018
20151018
20151018
20151019
20151022
20151025
20151025
20151025
20151025
20151025
20151025
20151025
20151025
20151025
20151025
20151025
20151025
20151026
20151029
20151101
20151101
20151101
20151101
20151101
20151101
20151101
20151101
20151101
20151101
20151101
20151101
20151102
20151105
20151108
20151108
20151108
20151108
20151108
20151108
20151108
20151108
20151108
20151108
20151108
20151109
20151112
20151115
20151115
20151115
20151115
20151115
20151115
20151115
20151115
20151115
20151115
20151115
20151115
20151116
20151119
20151122
20151122
20151122
20151122
20151122
20151122
20151122
20151122
20151122
20151122
20151122
20151122
20151123
20151126
20151126
20151126
20151129
20151129
20151129
20151129
20151129
20151129
20151129
20151129
20151129
20151129
20151129
20151129
20151130
20151203
20151206
20151206
20151206
20151206
20151206
20151206
20151206
20151206
20151206
20151206
20151206
20151206
20151206
20151206
20151207
20151210
20151213
20151213
20151213
20151213
20151213
20151213
20151213
20151213
20151213
20151213
20151213
20151213
20151213
20151213
20151214
20151217
20151219
20151220
20151220
20151220
20151220
20151220
20151220
20151220
20151220
20151220
20151220
20151220
20151220
20151220
20151221
20151224
20151226
20151227
20151227
20151227
20151227
20151227
20151227
20151227
20151227
20151227
20151227
20151227
20151227
20151227
20151228
20160103
20160103
20160103
20160103
20160103
20160103
20160103
20160103
20160103
20160103
20160103
20160103
20160103
20160103
20160103
20160103
20160109
20160109
20160110
20160110
20160116
20160116
20160117
20160117
20160124
20160124
20160207
20160908
20160911
20160911
20160911
20160911
20160911
20160911
20160911
20160911
20160911
20160911
20160911
20160911
20160911
20160912
20160912
20160915
20160918
20160918
20160918
20160918
20160918
20160918
20160918
20160918
20160918
20160918
20160918
20160918
20160918
20160918
20160919
20160922
20160925
20160925
20160925
20160925
20160925
20160925
20160925
20160925
20160925
20160925
20160925
20160925
20160925
20160925
20160926
20160929
20161002
20161002
20161002
20161002
20161002
20161002
20161002
20161002
20161002
20161002
20161002
20161002
20161002
20161003
20161006
20161009
20161009
20161009
20161009
20161009
20161009
20161009
20161009
20161009
20161009
20161009
20161009
20161010
20161013
20161016
20161016
20161016
20161016
20161016
20161016
20161016
20161016
20161016
20161016
20161016
20161016
20161016
20161017
20161020
20161023
20161023
20161023
20161023
20161023
20161023
20161023
20161023
20161023
20161023
20161023
20161023
20161023
20161024
20161027
20161030
20161030
20161030
20161030
20161030
20161030
20161030
20161030
20161030
20161030
20161030
20161031
20161103
20161106
20161106
20161106
20161106
20161106
20161106
20161106
20161106
20161106
20161106
20161106
20161107
20161110
20161113
20161113
20161113
20161113
20161113
20161113
20161113
20161113
20161113
20161113
20161113
20161113
20161114
20161117
20161120
20161120
20161120
20161120
20161120
20161120
20161120
20161120
20161120
20161120
20161120
20161120
20161121
20161124
20161124
20161124
20161127
20161127
20161127
20161127
20161127
20161127
20161127
20161127
20161127
20161127
20161127
20161127
20161128
20161201
20161204
20161204
20161204
20161204
20161204
20161204
20161204
20161204
20161204
20161204
20161204
20161204
20161204
20161205
20161208
20161211
20161211
20161211
20161211
20161211
20161211
20161211
20161211
20161211
20161211
20161211
20161211
20161211
20161211
20161212
20161215
20161217
20161218
20161218
20161218
20161218
20161218
20161218
20161218
20161218
20161218
20161218
20161218
20161218
20161218
20161219
20161222
20161224
20161224
20161224
20161224
20161224
20161224
20161224
20161224
20161224
20161224
20161224
20161224
20161225
20161225
20161226
20170101
20170101
20170101
20170101
20170101
20170101
20170101
20170101
20170101
20170101
20170101
20170101
20170101
20170101
20170101
20170101
20170107
20170107
20170108
20170108
20170114
20170114
20170115
20170115
20170122
20170122
20170205
20170907
20170910
20170910
20170910
20170910
20170910
20170910
20170910
20170910
20170910
20170910
20170910
20170910
20170911
20170911
20170914
20170917
20170917
20170917
20170917
20170917
20170917
20170917
20170917
20170917
20170917
20170917
20170917
20170917
20170917
20170918
20170921
20170924
20170924
20170924
20170924
20170924
20170924
20170924
20170924
20170924
20170924
20170924
20170924
20170924
20170924
20170925
20170928
20171001
20171001
20171001
20171001
20171001
20171001
20171001
20171001
20171001
20171001
20171001
20171001
20171001
20171001
20171002
20171005
20171008
20171008
20171008
20171008
20171008
20171008
20171008
20171008
20171008
20171008
20171008
20171008
20171009
20171012
20171015
20171015
20171015
20171015
20171015
20171015
20171015
20171015
20171015
20171015
20171015
20171015
20171016
20171019
20171022
20171022
20171022
20171022
20171022
20171022
20171022
20171022
20171022
20171022
20171022
20171022
20171022
20171023
20171026
20171029
20171029
20171029
20171029
20171029
20171029
20171029
20171029
20171029
20171029
20171029
20171030
20171102
20171105
20171105
20171105
20171105
20171105
20171105
20171105
20171105
20171105
20171105
20171105
20171106
20171109
20171112
20171112
20171112
20171112
20171112
20171112
20171112
20171112
20171112
20171112
20171112
20171112
20171113
20171116
20171119
20171119
20171119
20171119
20171119
20171119
20171119
20171119
20171119
20171119
20171119
20171119
20171120
20171123
20171123
20171123
20171126
20171126
20171126
20171126
20171126
20171126
20171126
20171126
20171126
20171126
20171126
20171126
20171127
20171130
20171203
20171203
20171203
20171203
20171203
20171203
20171203
20171203
20171203
20171203
20171203
20171203
20171203
20171203
20171204
20171207
20171210
20171210
20171210
20171210
20171210
20171210
20171210
20171210
20171210
20171210
20171210
20171210
20171210
20171210
20171211
20171214
20171216
20171216
20171217
20171217
20171217
20171217
20171217
20171217
20171217
20171217
20171217
20171217
20171217
20171217
20171218
20171223
20171223
20171224
20171224
20171224
20171224
20171224
20171224
20171224
20171224
20171224
20171224
20171224
20171224
20171225
20171225
20171231
20171231
20171231
20171231
20171231
20171231
20171231
20171231
20171231
20171231
20171231
20171231
20171231
20171231
20171231
20171231
20180106
20180106
20180107
20180107
20180113
20180113
20180114
20180114
20180121
20180121
20180204
20180906
20180909
20180909
20180909
20180909
20180909
20180909
20180909
20180909
20180909
20180909
20180909
20180909
20180909
20180910
20180910
20180913
20180916
20180916
20180916
20180916
20180916
20180916
20180916
20180916
20180916
20180916
20180916
20180916
20180916
20180916
20180917
20180920
20180923
20180923
20180923
20180923
20180923
20180923
20180923
20180923
20180923
20180923
20180923
20180923
20180923
20180923
20180924
20180927
20180930
20180930
20180930
20180930
20180930
20180930
20180930
20180930
20180930
20180930
20180930
20180930
20180930
20181001
20181004
20181007
20181007
20181007
20181007
20181007
20181007
20181007
20181007
20181007
20181007
20181007
20181007
20181007
20181008
20181011
20181014
20181014
20181014
20181014
20181014
20181014
20181014
20181014
20181014
20181014
20181014
20181014
20181014
20181015
20181018
20181021
20181021
20181021
20181021
20181021
20181021
20181021
20181021
20181021
20181021
20181021
20181021
20181022
20181025
20181028
20181028
20181028
20181028
20181028
20181028
20181028
20181028
20181028
20181028
20181028
20181028
20181029
20181101
20181104
20181104
20181104
20181104
20181104
20181104
20181104
20181104
20181104
20181104
20181104
20181105
20181108
20181111
20181111
20181111
20181111
20181111
20181111
20181111
20181111
20181111
20181111
20181111
20181111
20181112
20181115
20181118
20181118
20181118
20181118
20181118
20181118
20181118
20181118
20181118
20181118
20181118
20181119
20181122
20181122
20181122
20181125
20181125
20181125
20181125
20181125
20181125
20181125
20181125
20181125
20181125
20181125
20181126
20181129
20181202
20181202
20181202
20181202
20181202
20181202
20181202
20181202
20181202
20181202
20181202
20181202
20181202
20181202
20181203
20181206
20181209
20181209
20181209
20181209
20181209
20181209
20181209
20181209
20181209
20181209
20181209
20181209
20181209
20181209
20181210
20181213
20181215
20181215
20181216
20181216
20181216
20181216
20181216
20181216
20181216
20181216
20181216
20181216
20181216
20181216
20181217
20181222
20181222
20181223
20181223
20181223
20181223
20181223
20181223
20181223
20181223
20181223
20181223
20181223
20181223
20181223
20181224
20181230
20181230
20181230
20181230
20181230
20181230
20181230
20181230
20181230
20181230
20181230
20181230
20181230
20181230
20181230
20181230
20190105
20190105
20190106
20190106
20190112
20190112
20190113
20190113
20190120
20190120
20190203
20190905
20190908
20190908
20190908
20190908
20190908
20190908
20190908
20190908
20190908
20190908
20190908
20190908
20190908
20190909
20190909
20190912
20190915
20190915
20190915
20190915
20190915
20190915
20190915
20190915
20190915
20190915
20190915
20190915
20190915
20190915
20190916
20190919
20190922
20190922
20190922
20190922
20190922
20190922
20190922
20190922
20190922
20190922
20190922
20190922
20190922
20190922
20190923
20190926
20190929
20190929
20190929
20190929
20190929
20190929
20190929
20190929
20190929
20190929
20190929
20190929
20190929
20190930
20191003
20191006
20191006
20191006
20191006
20191006
20191006
20191006
20191006
20191006
20191006
20191006
20191006
20191006
20191007
20191010
20191013
20191013
20191013
20191013
20191013
20191013
20191013
20191013
20191013
20191013
20191013
20191013
20191014
20191017
20191020
20191020
20191020
20191020
20191020
20191020
20191020
20191020
20191020
20191020
20191020
20191020
20191021
20191024
20191027
20191027
20191027
20191027
20191027
20191027
20191027
20191027
20191027
20191027
20191027
20191027
20191027
20191028
20191031
20191103
20191103
20191103
20191103
20191103
20191103
20191103
20191103
20191103
20191103
20191103
20191103
20191104
20191107
20191110
20191110
20191110
20191110
20191110
20191110
20191110
20191110
20191110
20191110
20191110
20191111
20191114
20191117
20191117
20191117
20191117
20191117
20191117
20191117
20191117
20191117
20191117
20191117
20191117
20191118
20191121
20191124
20191124
20191124
20191124
20191124
20191124
20191124
20191124
20191124
20191124
20191124
20191124
20191125
20191128
20191128
20191128
20191201
20191201
20191201
20191201
20191201
20191201
20191201
20191201
20191201
20191201
20191201
20191201
20191202
20191205
20191208
20191208
20191208
20191208
20191208
20191208
20191208
20191208
20191208
20191208
20191208
20191208
20191208
20191208
20191209
20191212
20191215
20191215
20191215
20191215
20191215
20191215
20191215
20191215
20191215
20191215
20191215
20191215
20191215
20191215
20191216
20191221
20191221
20191221
20191222
20191222
20191222
20191222
20191222
20191222
20191222
20191222
20191222
20191222
20191222
20191222
20191223
20191229
20191229
20191229
20191229
20191229
20191229
20191229
20191229
20191229
20191229
20191229
20191229
20191229
20191229
20191229
20191229
20200104
20200104
20200105
20200105
20200111
20200111
20200112
20200112
20200119
20200119
20200202
20200910
20200913
20200913
20200913
20200913
20200913
20200913
20200913
20200913
20200913
20200913
20200913
20200913
20200913
20200914
20200914
20200917
20200920
20200920
20200920
20200920
20200920
20200920
20200920
20200920
20200920
20200920
20200920
20200920
20200920
20200920
20200921
20200924
20200927
20200927
20200927
20200927
20200927
20200927
20200927
20200927
20200927
20200927
20200927
20200927
20200927
20200927
20200928
20201001
20201004
20201004
20201004
20201004
20201004
20201004
20201004
20201004
20201004
20201004
20201004
20201004
20201005
20201005
20201008
20201011
20201011
20201011
20201011
20201011
20201011
20201011
20201011
20201011
20201011
20201011
20201012
20201013
20201018
20201018
20201018
20201018
20201018
20201018
20201018
20201018
20201018
20201018
20201018
20201018
20201019
20201019
20201022
20201025
20201025
20201025
20201025
20201025
20201025
20201025
20201025
20201025
20201025
20201025
20201025
20201026
20201029
20201101
20201101
20201101
20201101
20201101
20201101
20201101
20201101
20201101
20201101
20201101
20201101
20201102
20201105
20201108
20201108
20201108
20201108
20201108
20201108
20201108
20201108
20201108
20201108
20201108
20201108
20201109
20201112
20201115
20201115
20201115
20201115
20201115
20201115
20201115
20201115
20201115
20201115
20201115
20201115
20201116
20201119
20201122
20201122
20201122
20201122
20201122
20201122
20201122
20201122
20201122
20201122
20201122
20201122
20201123
20201126
20201126
20201129
20201129
20201129
20201129
20201129
20201129
20201129
20201129
20201129
20201129
20201129
20201129
20201130
20201202
20201206
20201206
20201206
20201206
20201206
20201206
20201206
20201206
20201206
20201206
20201206
20201206
20201207
20201207
20201208
20201210
20201213
20201213
20201213
20201213
20201213
20201213
20201213
20201213
20201213
20201213
20201213
20201213
20201213
20201213
20201214
20201217
20201219
20201219
20201220
20201220
20201220
20201220
20201220
20201220
20201220
20201220
20201220
20201220
20201220
20201220
20201221
20201225
20201226
20201226
20201226
20201227
20201227
20201227
20201227
20201227
20201227
20201227
20201227
20201227
20201227
20201227
20201228
20210103
20210103
20210103
20210103
20210103
20210103
20210103
20210103
20210103
20210103
20210103
20210103
20210103
20210103
20210103
20210103
20210109
20210109
20210109
20210110
20210110
20210110
20210116
20210116
20210117
20210117
20210124
20210124
20210207
20210909
20210912
20210912
20210912
20210912
20210912
20210912
20210912
20210912
20210912
20210912
20210912
20210912
20210912
20210912
20210913
20210916
20210919
20210919
20210919
20210919
20210919
20210919
20210919
20210919
20210919
20210919
20210919
20210919
20210919
20210919
20210920
20210923
20210926
20210926
20210926
20210926
20210926
20210926
20210926
20210926
20210926
20210926
20210926
20210926
20210926
20210926
20210927
20210930
20211003
20211003
20211003
20211003
20211003
20211003
20211003
20211003
20211003
20211003
20211003
20211003
20211003
20211003
20211004
20211007
20211010
20211010
20211010
20211010
20211010
20211010
20211010
20211010
20211010
20211010
20211010
20211010
20211010
20211010
20211011
20211014
20211017
20211017
20211017
20211017
20211017
20211017
20211017
20211017
20211017
20211017
20211017
20211017
20211018
20211021
20211024
20211024
20211024
20211024
20211024
20211024
20211024
20211024
20211024
20211024
20211024
20211025
20211028
20211031
20211031
20211031
20211031
20211031
20211031
20211031
20211031
20211031
20211031
20211031
20211031
20211031
20211101
20211104
20211107
20211107
20211107
20211107
20211107
20211107
20211107
20211107
20211107
20211107
20211107
20211107
20211108
20211111
20211114
20211114
20211114
20211114
20211114
20211114
20211114
20211114
20211114
20211114
20211114
20211114
20211115
20211118
20211121
20211121
20211121
20211121
20211121
20211121
20211121
20211121
20211121
20211121
20211121
20211121
20211121
20211122
20211125
20211125
20211125
20211128
20211128
20211128
20211128
20211128
20211128
20211128
20211128
20211128
20211128
20211128
20211129
20211202
20211205
20211205
20211205
20211205
20211205
20211205
20211205
20211205
20211205
20211205
20211205
20211205
20211206
20211209
20211212
20211212
20211212
20211212
20211212
20211212
20211212
20211212
20211212
20211212
20211212
20211212
20211213
20211216
20211218
20211219
20211219
20211219
20211219
20211219
20211219
20211219
20211219
20211219
20211219
20211220
20211220
20211221
20211221
20211223
20211225
20211225
20211226
20211226
20211226
20211226
20211226
20211226
20211226
20211226
20211226
20211226
20211226
20211226
20211227
20220102
20220102
20220102
20220102
20220102
20220102
20220102
20220102
20220102
20220102
20220102
20220102
20220102
20220102
20220102
20220103
20220108
20220108
20220109
20220109
20220109
20220109
20220109
20220109
20220109
20220109
20220109
20220109
20220109
20220109
20220109
20220109
20220115
20220115
20220116
20220116
20220116
20220117
20220122
20220122
20220123
20220123
20220130
20220130
20220908
20220911
20220911
20220911
20220911
20220911
20220911
20220911
20220911
20220911
20220911
20220911
20220911
20220911
20220911
20220912
20220915
20220918
20220918
20220918
20220918
20220918
20220918
20220918
20220918
20220918
20220918
20220918
20220918
20220918
20220919
20220919
20220922
20220925
20220925
20220925
20220925
20220925
20220925
20220925
20220925
20220925
20220925
20220925
20220925
20220925
20220925
20220926
20220929
20221002
20221002
20221002
20221002
20221002
20221002
20221002
20221002
20221002
20221002
20221002
20221002
20221002
20221002
20221003
20221006
20221009
20221009
20221009
20221009
20221009
20221009
20221009
20221009
20221009
20221009
20221009
20221009
20221009
20221009
20221010
20221013
20221016
20221016
20221016
20221016
20221016
20221016
20221016
20221016
20221016
20221016
20221016
20221016
20221017
20221020
20221023
20221023
20221023
20221023
20221023
20221023
20221023
20221023
20221023
20221023
20221023
20221023
20221024
20221027
20221030
20221030
20221030
20221030
20221030
20221030
20221030
20221030
20221030
20221030
20221030
20221030
20221030
20221031
20221103
20221106
20221106
20221106
20221106
20221106
20221106
20221106
20221106
20221106
20221106
20221106
20221107
20221110
20221113
20221113
20221113
20221113
20221113
20221113
20221113
20221113
20221113
20221113
20221113
20221113
20221114
20221117
20221120
20221120
20221120
20221120
20221120
20221120
20221120
20221120
20221120
20221120
20221120
20221120
20221121
20221124
20221124
20221124
20221127
20221127
20221127
20221127
20221127
20221127
20221127
20221127
20221127
20221127
20221127
20221127
20221128
20221201
20221204
20221204
20221204
20221204
20221204
20221204
20221204
20221204
20221204
20221204
20221204
20221204
20221204
20221205
20221208
20221211
20221211
20221211
20221211
20221211
20221211
20221211
20221211
20221211
20221211
20221211
20221212
20221215
20221217
20221217
20221217
20221218
20221218
20221218
20221218
20221218
20221218
20221218
20221218
20221218
20221218
20221218
20221219
20221222
20221224
20221224
20221224
20221224
20221224
20221224
20221224
20221224
20221224
20221224
20221224
20221225
20221225
20221225
20221226
20221229
20230101
20230101
20230101
20230101
20230101
20230101
20230101
20230101
20230101
20230101
20230101
20230101
20230101
20230101
20230107
20230107
20230108
20230108
20230108
20230108
20230108
20230108
20230108
20230108
20230108
20230108
20230108
20230108
20230108
20230108
20230114
20230114
20230115
20230115
20230115
20230116
20230121
20230121
20230122
20230122
20230129
20230129
20220213
20230212
